442,588
442,587
442,586
442,585
442,584
442,583
442,582
442,581
442,580
442,579
442,578
442,577
442,576
442,840
442,844
442,843
442,842
442,841
442,839
442,838
442,837
442,836
442,835
442,833
442,834
442,832
442,73
442,72
442,639
442,65
442,64
442,638
442,636
442,637
442,635
442,634
442,633
442,631
442,632
442,629
442,630
442,627
442,628
442,625
442,626
442,624
442,622
442,623
442,621
442,619
442,620
442,617
442,618
442,615
442,616
442,614
442,612
442,613
442,611
442,609
442,610
442,608
442,607
691,5
691,4
691,1
663,4
663,1
643,12
643,9
643,8
643,7
643,6
643,4
643,1
558,72
558,67
555,4
555,1
491,61
491,60
491,58
491,56
491,52
491,50
491,49
491,47
491,45
491,43
491,40
491,39
491,37
491,36
491,34
491,33
491,31
491,30
491,27
491,25
491,24
491,22
491,21
491,20
491,18
491,16
491,14
491,12
491,11
491,8
491,7
491,6
491,4
491,1
483,16
483,1
442,1601
442,1600
442,1110
442,1109
442,895
442,894
442,893
442,892
442,891
442,890
442,889
442,888
442,887
442,886
442,885
442,884
442,883
442,882
442,881
442,880
442,879
442,878
442,877
442,876
442,875
442,874
4294967279,464
4294967279,463
4294967279,462
4294967279,460
4294967279,459
4294967279,458
4294967279,456
4294967294,1839
4294967294,1838
4294967294,1837
4294967294,1836
4294967294,1834
4294967294,1833
4294967294,1832
4294967294,1831
4294967294,1830
4294967294,1828
4294967294,1826
4294967294,1825
4294967294,1824
4294967294,1822
4294967294,1821
4294967294,1819
4294967294,1818
4294967294,1817
4294967294,1816
4294967294,1815
4294967294,1813
4294967294,1812
4294967294,1811
4294967294,1810
4294967294,1809
4294967294,1808
4294967294,1807
4294967294,1805
4294967294,1803
4294967294,1802
4294967294,1798
4294967294,1797
4294967294,1796
4294967294,1793
4294967294,1596
4294967294,1592
4294967294,1590
4294967294,1586
4294967294,1584
4294967294,1578
4294967294,1572
4294967294,1571
4294967294,1569
4294967294,1568
4294967294,1563
4294967294,1559
4294967294,1558
4294967294,1556
4294967294,1553
4294967294,1552
4294967294,1549
4294967294,1545
4294967294,1544
4294967294,1343
4294967294,1342
4294967294,1341
4294967294,1339
4294967294,1338
4294967294,1337
4294967294,1336
4294967294,1331
4294967294,1329
4294967294,1327
4294967294,1325
4294967294,1324
4294967294,1323
4294967294,1321
4294967294,1320
4294967294,1318
4294967294,1317
4294967294,1315
4294967294,1313
4294967294,1312
4294967294,1310
4294967294,1309
4294967294,1307
4294967294,1305
4294967294,1303
4294967294,1301
4294967294,1300
4294967294,1299
4294967294,1298
4294967294,1297
4294967294,1296
4294967294,1295
4294967294,1294
4294967294,1293
4294967294,1292
4294967294,1290
4294967294,1289
4294967294,1288
4294967294,1287
4294967294,1286
4294967294,1285
4294967294,1284
4294967294,1283
4294967294,1282
4294967294,1281
4294967294,1280
4294967294,1038
4294967294,1029
4294967294,1028
4294967294,1025
4294967294,63
4294967294,62
4294967294,61
4294967294,60
4294967294,57
4294967294,56
4294967294,55
4294967294,54
4294967294,23
4294967294,22
4294967294,21
4294967294,11
4294967294,10
570,6
570,5
570,1
558,1
506,5
506,1
442,1309
4294967294,35
4294967294,34
4294967294,33
4294967294,32
4294967294,31
4294967294,30
4294967294,1291
4294967294,1792
4294967294,50
4294967294,1588
4294967294,1801
4294967294,1800
4294967294,1595
4294967294,1043
442,1
374,4
374,1
258,4
258,1
4294967294,8
4294967294,59
4294967294,58
4294967294,7
4294967294,6
4294967294,1037
4294967294,1036
4294967294,1034
4294967294,1035
4294967294,1033
4294967294,14
4294967294,13
4294967294,12
4294967278,260
4294967278,0
4294967294,20
4294967294,19
4294967294,18
4294967294,5
4294967294,1550
4294967294,1030
4294967294,1032
4294967294,1579
4294967294,1567
4294967294,1540
4294967294,1582
4294967294,1557
4294967294,1799
4294967294,1814
4294967294,1829
4294967294,1852
4294967294,1565
4294967294,1580
4294967294,1024
4294967294,1041
4294967294,1031
4294967294,1042
4294967294,1026
4294967294,1555
4294967294,53
4294967294,52
4294967294,1566
4294967294,1583
4294967294,51
4294967294,49
4294967294,48
4294967294,47
4294967294,1570
4294967294,1591
4294967294,45
4294967294,1554
4294967294,1575
4294967294,44
4294967294,1574
4294967294,1593
4294967294,1585
4294967294,43
4294967294,42
4294967294,41
4294967294,40
4294967294,1587
4294967294,1576
4294967294,1577
4294967294,39
4294967294,38
4294967294,37
4294967294,36
4294967294,29
4294967294,1581
4294967294,28
4294967294,1573
4294967294,27
4294967294,1564
4294967294,26
4294967294,1844
4294967294,1854
4294967294,25
4294967294,24
4294967294,17
592,114
592,113
592,112
592,111
592,110
592,109
592,108
592,107
592,106
592,105
592,104
592,103
592,102
592,101
592,100
592,99
592,98
592,97
592,96
592,95
592,94
592,93
442,212
442,211
442,210
442,209
442,208
442,207
442,206
442,205
442,204
442,203
442,202
442,201
442,200
442,199
442,198
442,197
442,196
442,195
442,194
442,193
442,192
421,47
421,44
421,15
421,4
421,1
421,6
401,1
401,5
301,9
301,8
301,7
301,6
301,5
301,1
301,24
301,4
389,5
389,6
389,1
389,4
4294967294,508
417,1
417,6
4294967294,1789
4294967294,1788
4294967294,1786
4294967294,1781
4294967294,1780
4294967294,1779
4294967294,1778
4294967294,1777
4294967294,1776
4294967294,1775
4294967294,1774
4294967294,1773
4294967294,1758
4294967294,1734
4294967294,1515
4294967294,1514
4294967294,1512
4294967294,1511
4294967294,1510
4294967294,1509
4294967294,1508
4294967294,1505
4294967294,1500
4294967294,1498
4294967294,1495
4294967294,1494
4294967294,1493
4294967294,1488
4294967294,1263
4294967294,1227
4294967294,1017
4294967294,505
4294967294,504
4294967294,500
4294967294,498
4294967294,493
4294967279,418
685,4
685,1
681,4
681,1
665,4
665,1
661,4
661,1
629,4
629,1
601,5
601,1
592,92
592,91
592,90
592,89
592,88
592,87
592,86
592,85
592,84
592,83
592,82
592,81
592,80
592,79
592,78
592,77
592,76
592,75
592,74
592,73
592,72
592,71
592,70
592,69
592,68
592,67
592,66
592,65
592,64
569,4
569,1
549,6
549,1
481,269
481,1
442,1256
442,1023
442,1022
442,1021
442,1020
442,1019
442,1018
442,1017
442,1016
442,1015
442,1014
442,1013
442,1012
442,1011
442,1010
442,1009
442,1008
442,1007
442,1006
442,1005
442,1004
442,1003
442,1002
442,1001
442,1000
442,999
442,998
442,997
442,996
442,995
442,994
442,993
442,992
442,991
442,990
442,989
442,988
442,987
442,986
442,985
442,984
442,983
442,982
288,16
288,15
288,14
288,13
442,1171
442,1169
442,1170
442,146
442,145
442,144
442,143
442,142
442,141
442,140
442,139
442,138
442,137
442,136
442,135
442,134
442,133
442,132
442,131
442,130
442,129
442,128
436,1
436,4
404,1
404,4
432,1
432,4
212,1
212,4
408,1
408,4
4294967294,1430
4294967294,1469
4294967294,1460
4294967294,1459
4294967294,1451
4294967294,1447
4294967294,1443
4294967294,1440
4294967294,1439
4294967294,1436
4294967294,1435
4294967294,1426
4294967294,1422
4294967294,1419
4294967294,1418
4294967294,1417
4294967294,1415
4294967294,1414
4294967294,1412
4294967294,1411
4294967294,1409
4294967294,1408
4294967294,1215
4294967294,1214
4294967294,1211
4294967294,1210
4294967294,1208
4294967294,1207
4294967294,1206
4294967294,1203
4294967294,1202
4294967294,1200
4294967294,1198
4294967294,1197
4294967294,1196
4294967294,1192
4294967294,1191
4294967294,1179
4294967294,1168
680,4
680,1
664,4
664,1
628,12
628,9
628,8
628,7
628,6
628,4
628,1
592,1
572,51
572,1
536,5
536,1
532,5
532,1
496,5
496,1
491,86
491,85
491,84
491,83
491,82
491,81
491,80
491,79
491,78
491,77
491,76
491,75
491,74
491,73
491,72
491,71
491,70
491,69
491,68
491,67
491,66
491,65
491,64
442,1168
442,1167
442,1166
442,1165
442,1164
442,1163
442,1162
442,1161
442,1160
442,1159
442,897
442,896
442,703
442,702
442,701
442,700
442,699
442,698
442,697
442,696
442,695
442,694
442,693
442,692
442,691
442,690
442,689
442,688
442,687
442,686
442,685
442,684
442,683
442,682
442,681
442,680
442,679
442,678
442,677
442,676
442,675
442,674
442,673
442,672
442,671
442,670
442,669
442,668
442,667
442,666
442,665
4294967294,439
442,664
442,663
442,662
442,661
4294967294,1175
442,660
442,659
442,658
442,657
442,656
442,655
442,654
442,653
4294967294,1157
442,652
442,651
4294967294,1199
442,650
4294967294,1204
442,649
4294967294,1413
442,648
4294967294,1167
442,647
4294967294,1190
442,646
4294967294,1213
442,645
4294967294,1420
442,644
4294967294,1158
442,643
442,642
4294967294,1416
442,641
4294967294,1209
442,640
4294967294,1155
4294967294,1410
4294967294,1212
4294967294,1188
4294967294,1205
4294967294,1201
4294967294,1156
4294967294,1421
4294967294,438
4294967294,437
4294967294,434
4294967294,436
4294967294,429
4294967294,428
442,191
442,190
442,189
442,188
442,187
442,186
442,185
442,184
442,183
442,182
442,181
442,180
